	32768 	65536 	131072 	262144 	524288 	1048576 	2097152 	4194304 	8388608 	16777216 	33554432 
											
	05.701		04.857		0		0		0		0		0		0		0		0		0	
	046.046		035.499		024.743		014.491		012.587		011.045		09.777		08.661		07.670		06.935		06.361	
	047.125		036.512		023.985		014.651		012.719		010.699		09.865		08.617		07.839		07.051		06.395	
	053.005		055.364		070.732		083.415		096.098		0101.739		0107.127		0109.966		0108.494		0109.856		0112.751	
	068.131		061.947		074.747		085.996		097.251		0102.861		0107.810		0110.369		0110.223		0109.656		0111.774	
	053.236		077.774		085.225		093.626		0100.526		099.884		0109.180		0110.271		0106.471		0		0	
	025.445		036.731		051.108		064.874		075.564		085.516		087.508		085.330		080.147		077.612		073.862	
											
	32768 	65536 	131072 	262144 	524288 	1048576 	2097152 	4194304 	8388608 	16777216 	33554432 
											
	0405.959	0482.246	0450.951	0431.744	0447.271	0445.280	0462.777	0455.989	0448.010	0467.272	0463.374
	215.391	260.721	238.887	232.643	240.397	244.976	248.871	247.654	246.058	251.636	244.620
	132.846	155.035	168.908	174.419	179.447	184.170	185.860	189.303	184.436	191.726	189.081
	102.720	120.839	125.640	129.228	132.636	135.972	137.160	139.710	135.730	140.501	139.005
											
	035.519	040.183	040.947	042.003	043.526	044.307	044.871	044.927	043.603	0	0
	47.585	56.020	58.562	60.474	63.769	65.673	66.702	65.936	66.794		
	54.639	66.346	70.618	73.395	78.228	80.907	82.623	81.592	81.699		
	53.509	70.021	74.682	77.631	83.271	86.647	88.711	86.249	88.476		
	54.504	70.624	74.790	79.164	83.790	87.387	89.528	87.233	90.284		
	53.485	67.306	70.875	73.269	78.618	82.048	84.068	82.012	84.876		
