	32768 	65536 	131072 	262144 	524288 	1048576 2097152 4194304 8388608 16777216 33554432 
								
	10.505	8.045	9.006	5.926	8.378									
	102.636	156.067	177.645	156.068	76.844	74.439	66.699	60.061	54.295	49.262   44.789  
	106.388	166.612	189.001	165.210	85.046	77.125	68.968	61.108	55.485	50.261   45.425  
	84.754	90.577	223.211	237.239	347.172	428.628	543.975	572.145	599.695	621.981  640.334 
	179.745	124.102	340.582	288.045	399.648	508.011	570.809	589.559	613.893	631.672  646.849 
	69.833	135.398	217.258	322.146	420.965	549.766	602.469	610.972	633.740	651.141  664.080 
	21.364	35.657	59.476	96.470	147.975	226.802	306.828	359.896	403.357	417.935  423.450 
											
	32768 	65536    131072   262144   524288   1048576  2097152  4194304  8388608  16777216 33554432 
					                  
	714.246	1168.611 1452.194 1624.136 1933.092 2310.948 2536.744 2723.076 2802.380 2860.851 2897.852
	516.695	802.492	 989.194  1076.673 1330.942 1609.429 1785.683 1928.793 1974.819 2020.045 2037.466
	396.862	605.879	 765.870  831.342  1016.923 1210.020 1329.426 1426.952 1485.858 1540.866 1558.836
	286.053	431.754	 508.881  576.957  716.987  866.664  966.431  1039.582 1070.239 1092.795 1108.731
					                           
	74.906	135.293	 158.945  180.904  204.163  220.161  226.735  227.761  228.302  230.764  231.238
	75.349	135.828	 213.823  270.665  325.760  370.139  390.939  369.071  398.481  403.296  405.397
	75.738	134.172	 213.376  311.172  388.447  443.735  484.709  482.708  484.085  499.699  501.992
	75.166	135.552	 213.334  307.409  410.474  488.392  525.079  524.559  534.452  538.253  548.366
	74.337	136.415	 211.150  316.626  409.592  504.258  534.241  543.263  555.046  563.998  570.380
	74.756	135.464	 213.179  315.823  420.029  504.527  537.184  549.153  560.521  568.507  574.251
