 32768  65536  131072  262144  524288  1048576 2097152 4194304 8388608 16777216 33554432 
                           
 2.959  3.003  3.245   3.359                                       
 63.283 90.237 114.351 131.996 103.212 98.684  92.344  84.294  76.889  70.436   64.620  
 60.015 90.937 117.435 135.367 105.135 100.612 93.996  85.600  78.160  71.434   65.422  
 48.126 78.947 128.295 185.743 262.700 341.579 402.621 440.100 453.352 459.719  465.584 
 61.191 90.972 143.829 202.596 237.179 355.358 411.174 445.697 455.934 471.463  468.681 
 8.151  98.181 159.763 226.347 296.536 368.075 414.450 444.026 450.277 459.742  465.681 
 30.956 50.373 79.596  112.001 162.442 219.531 275.043 308.730 320.668 324.433  320.550 
                                          
 32768   65536   131072   262144   524288   1048576  2097152  4194304  8388608  16777216 33554432 
                                         
 328.589 639.988 1116.326 1557.911 2062.253 2664.013 3044.858 3327.048 3489.884 3741.387 3794.751
 176.919 338.362 587.303  816.341  1080.758 1395.029 1591.546 1741.140 1829.204 1965.466 1993.259    
 136.957 258.044 412.237  576.626  749.413  965.937  1101.487 1204.806 1300.358 1374.813 1395.499       
 100.401 189.270 309.354  430.353  559.233  717.617  816.445  892.275  962.187  998.904  1014.764                       
                                                                                                        
 43.060  84.128  110.714  130.418  151.177  168.707  177.678  182.793  184.611  185.940  186.953         
 53.659  96.661  136.462  170.389  208.145  241.105  260.535  270.956  275.524  278.161  281.475         
 53.613  98.129  150.763  192.792  244.642  292.076  320.620  338.429  344.225  349.655  352.480         
 53.379  96.715  154.603  199.683  255.247  307.751  340.072  360.040  367.183  373.655  376.958         
 53.324  97.308  155.476  199.752  257.481  311.479  344.900  365.601  372.982  379.972  383.098         
 53.545  92.122  140.597  176.120  222.283  260.208  285.124  299.954  305.460  309.984  302.674         
