647546
557716
-769808
-36050
-768509
-887749
841459
221541
-448434
-561068
-17556
672141
-86920
155524
557358
615661
966332
-57195
773849
368976
-209224
-567784
734994
-341153
-15030
-454515
111799
-660662
-228158
59379
-61460
-87708
203236
352736
-917296
204158
-747996
-59745
-913781
-55496
652151
-348394
-772008
961617
101706
238860
-104168
-391086
4612
182831
780640
119001
950310
556308
-452778
407620
271146
965017
-651496
799596
462305
80013
758955
323981
-581215
-699282
297501
979907
649131
-633054
300811
-868893
-603510
-768987
-974617
-332444
185562
-589566
839784
-640655
-165250
-724857
-145412
467044
-146564
777456
902017
-538781
-718610
-853902
-581846
13724
-543332
815479
744359
154154
230875
360068
-677058
-351287
315215
-897634
403016
-20941
-714974
852746
-25029
394683
-837033
-933013
656079
645065
-472854
424087
-663980
399175
90357
-126351
287589
321455
278995
-178578
392083
518672
63911
897804
271167
39529
-584857
-280130
-782797
-160250
-703712
617309
357947
454529
-280902
-955943
824991
447080
835764
-309283
-491547
-428026
934203
-304905
276083
250532
-973291
-136492
669448
968048
-626732
-815763
-864823
197941
678185
-23726
-114398
-31410
-574353
-290552
322647
-521989
-408054
276298
-662469
45814
606390
629296
-390517
-130192
-775829
-105630
-594332
-512182
-213963
583648
587735
-51386
131573
277626
592128
-373475
-260664
-449028
447379
556668
-477974
966127
142044
-749686
-582321
630295
-627099
201706
810218
-491333
281549
274863
-315147
-304598
-472143
-338749
-619766
-761951
-670573
443038
472999
392453
777641
922988
-975057
-628978
-112487
214870
747054
206401
-773352
604079
-290411
652271
-392551
-94169
-182927
-331986
-390810
-730804
-226534
162935
-748834
-217165
659047
868859
372867
57352
841784
-626466
-579934
-2624
368470
-899438
338714
763765
-502755
918561
926831
-255565
-245713
539804
-316403
114508
-312388
364015
-197087
902803
-91205
263315
680850
-805853
-899666
-86964
-966567
909504
-625297
689283
-864422
-668522
-148652
168244
821055
141530
976076
748016
-265902
205625
587085
489208
774956
-461928
500424
-593102
363856
655986
-670532
294884
-728978
808269
34268
-200325
673126
336549
-463578
-228276
-632066
355085
125581
-625557
659449
430269
-88593
448399
242307
906039
-313542
143495
-526352
345749
-974003
-489875
-196894
259193
-159095
-581874
-131682
48825
-412619
674563
287748
366395
217272
-777164
774824
61890
-973671
922081
-651114
-511687
589823
-799472
-344837
531991
900703
938475
-402470
-448146
-264768
-69978
-225174
62448
-394442
982014
25704
-560482
-324078
297349
-234948
-692555
328935
889750
-41025
-489842
-286389
-431126
-744742
692054
932691
-933981
893618
592068
-673971
-979638
-113770
-189621
836393
-829389
630639
712082
694405
-131139
168521
291302
-174360
469312
-2126
47186
-657823
-705309
553924
761098
-830552
-320620
359050
-109898
534889
-87645
91817
243111
982426
356939
66559
-475626
618095
-851405
952014
36266
439698
-122918
93429
-586190
-810608
-185420
-257960
415196
424266
-41536
285579
-71975
413690
-424310
155322
-499041
791702
-238621
-469580
478746
746235
947616
920827
205653
-63235
179028
-894095
666261
-896131
-767528
-149263
-115633
434183
-572892
-915937
342884
737337
305900
348473
-845584
806265
618937
-618046
939472
-221738
784767
493979
3704
-705090
571189
228839
-870496
283268
-63169
905391
861890
242111
-163072
-448749
649478
-572918
-566206
-870648
773391
590297
-583717
280665
-27104
-678761
549619
101384
613003
587569
-832642
-112015
-92563
983026
-621682
783827
524187
-112829
-697413
629183
-512425
-887274
826945
122322
-974286
575742
129739
188294
-185667
884286
-694538
404276
387803
854688
-334799
456700
458716
-474537
853567
-801661
925801
510931
-549891
-13231
-214843
173861
-87455
-95802
-985465
770664
-14875
323826
734281
-632289
-810197
430183
87394
-833040
-489225
-913913
368361
196398
-79722
700806
191755
-578801
-527624
-138293
327644
190847
-248932
-802399
-192201
120054
607607
147868
-112611
912424
203257
-556503
828232
-874303
-385650
-903914
-521756
-731936
-998968
-527876
413176
-665404
-524857
-355374
-206531
-230892
367908
-809897
797031
82832
-572652
-362906
575485
593667
896581
-357659
-309116
-381604
796225
703480
416907
642929
-34914
968828
637084
-951703
571379
-638867
-514102
-852803
-655081
640969
925334
-582637
-675552
-825358
662200
-737340
-482677
-95766
248479
201683
-769097
-335206
456270
61053
777558
612234
849389
418638
-123490
-92960
211281
-35958
-841709
-125022
285698
-830925
-185505
-109614
313917
585747
711785
-725402
329902
109416
-42257
50217
994150
-384497
529925
-9239
214406
589864
-423203
897897
-180149
561094
-794124
711395
63936
961895
-181070
776550
734755
815937
964802
-67350
520687
-529934
-614673
86393
115690
-720813
-485444
-540922
-195001
280419
981680
-522631
-666655
5695
876653
49022
487777
933159
-97500
-359979
-106827
817360
-610171
348790
-476805
-480464
-583008
266825
-906800
-438889
553787
-704666
834761
629785
88570
793562
-872898
-858265
112561
813471
592436
-30583
360908
909234
-610891
644845
-209930
-142588
502788
-824275
-436182
445077
-618654
645585
-192030
-192095
-591875
611127
-611126
947818
-770526
222066
431914
-498387
456368
-172213
410854
645649
564002
37925
-633716
831140
142679
-484964
793457
-10144
-384802
107220
-653779
700630
-28906
593834
-726484
-497946
925559
557055
-429038
10001
326350
788278
101359
71788
592624
-241073
-879491
-244651
-240226
821644
347913
-178173
642533
-733478
-727762
920985
-400251
842283
774425
-816564
318853
-181525
-28426
726206
-395023
76234
-775228
-634221
-300297
-591574
869536
171750
-55085
-465877
-585989
323447
-605846
-211332
478103
-544533
-681607
61112
961947
-965094
601481
683541
614878
508837
738923
-765756
730014
-582550
824318
573907
-560888
246500
197680
-218002
-282013
893484
777469
525138
-166165
601073
-351283
-328112
-363781
-581641
-50931
663970
70567
-847504
576147
-579018
478764
-293456
-330235
-780706
373746
-921221
162917
38880
-279357
859904
-745209
-590364
-972621
470774
-625275
117074
-739009
857547
628977
371615
-890039
-314152
-243766
-434463
-426840
545129
-870778
-63997
120881
-949261
-277363
798701
435339
-805279
115082
-740930
682967
90586
572596
-107129
-748224
178012
-12477
466264
-822011
-451765
-409037
6075
-418385
-736608
784254
630816
44127
-579353
-703464
-952987
49
-932949
-412430
-46972
39872
76971
17198
867047
-21449
369670
631065
-911963
44162
-26451
-330259
-108809
391897
543043
864948
271329
656301
-602301
595337
-451967
564199
982380
-408066
141977
639616
346089
684852
746109
342545
35166
-626725
-130883
501635
792239
-724060
-608996
-48440
186560
-884202
-862851
-592978
663420
-599597
372043
-705504
-924356
-712297
322259
467938
438277
793730
-747372
490433
-599185
422742
-490185
332077
-491010
-872221
-705517
378290
-290983
-890685
-71817
-555888
-625347
-542055
445521
-688327
816344
608934
527539
737074
-232878
554442
-827957
377775
-978295
31013
-206315
887954
-851513
219502
-98013
318489
313851
-716475
-820908
-997644
-181424
127372
-121732
-917365
-39938
-531979
-211594
545115
-442864
-976316
55852
-182704
-244515
715274
633644
944225
612639
-801092
-44814
766788
-20910
-323674
199756
601227
852631
-466332
961602
-190811
329337
93704
-78627
-176366
-410290
109733
504347
289303
-688956
542724
53254
628026
-149380
-175079
-180765
-250785
-250856
-581838
336456
-569958
301201
-498876
-4691
970600
177299
609631
-239809
-894571
-730553
-679019
682514
609953
-638057
834986
-886500
-990094
935522
-783371
-971766
-411209
922785
582815
-151585
-245771
622299
588800
796249
-665453
159143
-25217
