81302
-28408
-148220
873367
168938
104005
-264281
-539634
24585
-637115
-460700
-238813
315656
946803
-887334
-955914
717471
118875
453003
241242
-623705
775084
-519788
649899
520546
517824
373295
555973
244056
-333625
590512
528331
666231
-846200
-108371
371471
-43031
-398195
-210345
963912
738427
927701
463422
-308505
-416772
-755286
390810
-310554
-705825
-240081
-217760
713229
327541
465196
-646327
211196
835481
-901201
231071
-203535
-656687
-215280
912973
851577
536025
468629
865198
-156802
350525
-245201
-719597
-777042
907972
497935
24662
-631577
-768565
973717
-457298
-899665
-514301
-940616
-254328
-781198
2687
-123374
-216128
-209023
237490
179242
369919
925490
-238845
-589352
-366551
-886255
858851
117737
328412
-543623
