+ nvcc array_minimum_par.cu -o q1a
+ nvcc array_output.cu -o q1b
+ ./q1a file_500.txt 500
./array.bash: line 7:  2548 Segmentation fault      (core dumped) ./q1a file_500.txt 500
+ ./q1b file_500.txt 500
Number of elements: 500 
Input Array is: 83 771 946 695 931 25 726 56 942 86 871 198 208 526 383 559 913 713 928 927 738 362 355 123 564 802 559 750 878 157 74 741 596 905 852 177 543 742 335 800 699 769 937 768 56 16 421 442 218 958 779 94 721 967 123 397 886 804 726 960 909 495 796 802 778 156 34 474 347 289 169 253 792 194 425 764 939 312 648 779 244 741 28 430 360 911 218 956 370 425 704 925 987 68 2 288 219 687 341 707 592 485 900 254 781 752 946 546 943 79 132 358 771 888 389 642 33 932 884 601 163 213 615 837 954 413 214 594 798 96 394 269 576 747 321 30 301 554 707 105 520 943 481 950 652 685 863 64 178 925 781 121 690 310 44 206 119 392 632 207 75 170 227 826 296 622 269 563 722 943 236 991 997 306 966 463 191 601 753 534 470 933 671 385 128 562 527 628 338 901 862 789 891 954 998 121 447 960 648 597 948 264 259 934 823 779 157 873 39 912 982 368 410 594 508 817 454 380 376 294 497 480 61 821 887 783 323 13 313 357 211 544 593 925 970 954 133 939 82 633 353 986 841 823 901 335 677 268 587 392 377 341 718 530 284 368 708 249 490 30 508 223 191 399 851 179 418 170 791 176 494 972 291 797 362 515 66 154 138 403 648 63 754 496 968 648 617 146 308 82 161 399 626 767 823 583 958 157 951 878 178 93 374 17 104 771 843 199 511 301 806 430 954 982 677 981 2 822 901 575 793 935 542 240 741 708 41 98 102 903 126 893 955 44 63 827 932 287 921 641 773 489 42 448 185 814 732 73 906 202 606 501 242 93 170 735 868 498 327 676 60 420 60 270 694 95 210 517 637 313 550 522 245 283 792 541 814 53 348 652 672 727 673 970 554 444 373 919 864 361 101 822 14 594 385 584 660 805 871 714 315 684 518 171 883 607 878 41 574 772 98 27 570 878 239 96 868 42 367 354 383 132 558 162 6 64 147 238 361 672 938 282 529 13 717 543 95 590 767 315 708 549 840 884 82 735 528 830 685 436 628 760 832 889 931 426 463 585 112 296 803 571 749 496 922 811 369 373 995 920 694 112 895 81 803 551 707 55 829 511 300 392 291 394 112 71 274 285 158 374 281 348 835 664 599 865 129 721 664 802 
Output Array : CPU : 3 1 6 5 1 5 6 6 2 6 1 8 8 6 3 9 3 3 8 7 8 2 5 3 4 2 9 0 8 7 4 1 6 5 2 7 3 2 5 0 9 9 7 8 6 6 1 2 8 8 9 4 1 7 3 7 6 4 6 0 9 5 6 2 8 6 4 4 7 9 9 3 2 4 5 4 9 2 8 9 4 1 8 0 0 1 8 6 0 5 4 5 7 8 2 8 9 7 1 7 2 5 0 4 1 2 6 6 3 9 2 8 1 8 9 2 3 2 4 1 3 3 5 7 4 3 4 4 8 6 4 9 6 7 1 0 1 4 7 5 0 3 1 0 2 5 3 4 8 5 1 1 0 0 4 6 9 2 2 7 5 0 7 6 6 2 9 3 2 3 6 1 7 6 6 3 1 1 3 4 0 3 1 5 8 2 7 8 8 1 2 9 1 4 8 1 7 0 8 7 8 4 9 4 3 9 7 3 9 2 2 8 0 4 8 7 4 0 6 4 7 0 1 1 7 3 3 3 3 7 1 4 3 5 0 4 3 9 2 3 3 6 1 3 1 5 7 8 7 2 7 1 8 0 4 8 8 9 0 0 8 3 1 9 1 9 8 0 1 6 4 2 1 7 2 5 6 4 8 3 8 3 4 6 8 8 7 6 8 2 1 9 6 7 3 3 8 7 1 8 8 3 4 7 4 1 3 9 1 1 6 0 4 2 7 1 2 2 1 5 3 5 2 0 1 8 1 8 2 3 6 3 5 4 3 7 2 7 1 1 3 9 2 8 5 4 2 3 6 2 6 1 2 3 0 5 8 8 7 6 0 0 0 0 4 5 0 7 7 3 0 2 5 3 2 1 4 3 8 2 2 7 3 0 4 4 3 9 4 1 1 2 4 4 5 4 0 5 1 4 5 4 8 1 3 7 8 1 4 2 8 7 0 8 9 6 8 2 7 4 3 2 8 2 6 4 7 8 1 2 8 2 9 3 7 3 5 0 7 5 8 9 0 4 2 5 8 0 5 6 8 0 2 9 1 6 3 5 2 6 3 1 9 6 2 1 9 3 5 0 4 2 5 1 3 1 7 5 9 1 0 2 1 4 2 1 4 5 8 4 1 8 5 4 9 5 9 1 4 2 
Output  array: GPU : 3 1 6 5 1 5 6 6 2 6 1 8 8 6 3 9 3 3 8 7 8 2 5 3 4 2 9 0 8 7 4 1 6 5 2 7 3 2 5 0 9 9 7 8 6 6 1 2 8 8 9 4 1 7 3 7 6 4 6 0 9 5 6 2 8 6 4 4 7 9 9 3 2 4 5 4 9 2 8 9 4 1 8 0 0 1 8 6 0 5 4 5 7 8 2 8 9 7 1 7 2 5 0 4 1 2 6 6 3 9 2 8 1 8 9 2 3 2 4 1 3 3 5 7 4 3 4 4 8 6 4 9 6 7 1 0 1 4 7 5 0 3 1 0 2 5 3 4 8 5 1 1 0 0 4 6 9 2 2 7 5 0 7 6 6 2 9 3 2 3 6 1 7 6 6 3 1 1 3 4 0 3 1 5 8 2 7 8 8 1 2 9 1 4 8 1 7 0 8 7 8 4 9 4 3 9 7 3 9 2 2 8 0 4 8 7 4 0 6 4 7 0 1 1 7 3 3 3 3 7 1 4 3 5 0 4 3 9 2 3 3 6 1 3 1 5 7 8 7 2 7 1 8 0 4 8 8 9 0 0 8 3 1 9 1 9 8 0 1 6 4 2 1 7 2 5 6 4 8 3 8 3 4 6 8 8 7 6 8 2 1 9 6 7 3 3 8 7 1 8 8 3 4 7 4 1 3 9 1 1 6 0 4 2 7 1 2 2 1 5 3 5 2 0 1 8 1 8 2 3 6 3 5 4 3 7 2 7 1 1 3 9 2 8 5 4 2 3 6 2 6 1 2 3 0 5 8 8 7 6 0 0 0 0 4 5 0 7 7 3 0 2 5 3 2 1 4 3 8 2 2 7 3 0 4 4 3 9 4 1 1 2 4 4 5 4 0 5 1 4 5 4 8 1 3 7 8 1 4 2 8 7 0 8 9 6 8 2 7 4 3 2 8 2 6 4 7 8 1 2 8 2 9 3 7 3 5 0 7 5 8 9 0 4 2 5 8 0 5 6 8 0 2 9 1 6 3 5 2 6 3 1 9 6 2 1 9 3 5 0 4 2 5 1 3 1 7 5 9 1 0 2 1 4 2 1 4 5 8 4 1 8 5 4 9 5 9 1 4 2 
+ ./q1a file_750.txt 750
Number of elements in the array: 750 
 Input Array is: 995 143 347 775 904 928 406 456 408 551 758 657 805 991 526 713 552 683 196 382 365 769 254 490 62 34 203 662 231 838 950 394 848 858 448 17 542 878 203 340 176 680 531 211 295 785 18 893 884 622 18 835 634 721 847 284 706 690 40 643 130 718 109 734 257 702 180 188 540 358 744 88 897 810 972 382 160 64 857 135 847 701 772 160 813 811 600 95 85 65 729 364 784 382 615 846 736 816 912 443 517 661 436 723 716 232 515 540 436 372 110 815 30 741 968 880 343 905 462 701 882 574 716 904 154 950 613 693 227 444 548 104 722 262 524 148 498 189 405 433 388 115 639 83 589 884 725 747 362 827 632 927 171 779 284 915 553 968 925 212 992 326 699 393 654 382 548 221 133 438 733 860 407 910 774 969 238 108 778 161 142 62 201 698 797 466 260 26 75 724 140 580 524 702 131 49 615 163 635 961 511 763 338 236 26 942 88 981 805 979 711 252 607 434 401 182 722 11 678 635 18 563 452 155 684 575 912 408 490 176 267 39 52 411 710 406 573 877 89 927 745 551 145 509 448 379 191 54 200 963 38 71 181 263 226 496 629 172 493 639 250 89 96 496 894 77 387 751 470 952 703 789 713 114 258 293 80 844 902 393 313 194 517 276 615 151 170 254 963 688 180 759 379 63 283 76 343 407 127 825 828 30 484 605 38 919 769 856 617 324 746 592 300 177 41 594 740 647 582 92 726 560 993 585 390 664 680 280 876 84 626 279 582 256 728 175 574 801 518 690 816 876 585 818 940 386 992 470 316 655 64 635 478 564 654 525 984 176 968 461 808 804 575 760 710 381 828 768 167 364 904 34 106 512 473 889 514 859 788 742 478 716 11 690 646 427 410 629 416 654 502 257 977 210 789 532 245 951 94 213 383 495 359 102 538 690 51 676 471 968 58 995 778 715 275 841 211 25 93 74 506 51 524 665 859 680 323 967 724 803 100 268 505 185 388 167 42 610 664 857 766 281 947 715 307 416 36 526 508 551 90 330 173 0 27422289 0 27423438 0 27420528 0 27420528 0 27420528 0 27420528 0 27420528 0 27424624 0 0 0 0 0 0 0 0 0 -574028480 32580 3 0 0 0 0 0 27420192 0 -1 -1 0 0 27420208 0 0 0 0 0 0 0 -1 0 0 0 0 0 -574036256 32580 0 0 0 0 0 0 0 0 0 0 0 0 0 0 0 0 0 0 0 0 0 0 0 0 0 0 0 0 0 0 0 0 0 0 0 0 0 0 0 0 0 0 0 0 0 0 0 0 0 0 0 0 0 0 0 0 0 0 0 0 0 0 0 0 0 0 0 0 0 0 0 0 0 0 0 0 0 0 0 0 -574037408 32580 4113 0 741685561 741553201 741815347 741685047 741617721 741880377 741748788 741750068 741879860 741422389 741881143 741815606 741683256 741423417 741749301 741552439 741487925 741554230 741751089 741488691 741684787 741946935 741618994 741357876 858534454 808594484 909519923 858926130 859319345 892939320 959654960 876096564 892873784 875834424 925969464 842282284 943142956 858796588 808727340 909586732 808990252 825439532 825307692 892940844 892876588 741880108 741554488 741619768 741487158 942422065 908866867 925643827 942420274 841758516 925643832 908867120 875311161 875965488 858860595 825699376 808528952 859253817 892480564 808922167 942746674 942746672 875899960 892546096 876031032 943205428 926496812 808532012 842479916 842543916 808857900 741619244 741815608 741684017 741815352 741421111 741488439 741357105 741552440 741421368 741355574 942421305 892742709 959592236 875967276 876099372 842543916 892417580 909391916 909326124 909195308 842086700 859059244 925971756 825636396 909325356 858928940 909195052 842215980 892417324 808727852 909325356 842478380 808530220 892418092 741356332 741422135 741881401 741357624 741553203 741683257 741488180 741421111 741488696 741619509 741749047 741617721 741618993 741356857 741552438 741554486 741814834 741618740 741880885 741617713 741487159 741488178 741618229 741880881 741882164 741947441 741683252 741552948 741881907 741683505 741946166 892089144 942422328 925643832 925644082 858535732 942420534 908867378 959197747 824981298 925643063 841759031 959198264 892089649 959198005 959199286 841758002 959197745 858534457 ./array.bash: line 10:  2558 Aborted                 (core dumped) ./q1a file_750.txt 750
+ ./q1b file_750.txt 750
./array.bash: line 11:  2562 Segmentation fault      (core dumped) ./q1b file_750.txt 750
