+ nvcc array_minimum_par.cu -o q1a
+ nvcc array_output.cu -o q1b
+ ./q1a file_450.txt 450
Number of elements in the array: 450 
 Input Array is: 503 54 64 335 74 163 346 485 904 765 225 763 710 700 325 805 732 804 282 723 475 264 353 335 103 474 341 38 563 590 514 538 654 163 706 162 928 526 33 976 738 78 101 252 877 482 643 752 872 107 821 942 313 410 716 445 313 940 429 686 164 792 515 812 385 597 812 135 268 648 816 717 446 122 530 881 548 288 232 937 381 484 919 456 995 442 826 290 626 113 844 14 447 380 493 448 583 68 492 598 162 424 124 453 123 850 453 51 594 558 704 189 670 31 351 883 513 227 623 798 144 676 202 227 662 59 54 633 368 796 133 207 155 825 146 806 979 474 44 242 124 307 495 549 988 191 322 724 701 490 81 120 597 415 444 496 442 564 254 280 157 489 333 126 276 156 893 54 942 612 890 503 836 768 737 70 854 999 736 915 104 962 563 303 27 559 673 256 98 371 179 930 47 44 835 133 518 374 729 428 652 465 416 242 510 829 674 785 2 424 991 508 589 514 322 835 783 142 823 187 749 832 439 781 904 307 700 652 747 737 888 28 130 847 249 835 213 310 656 10 71 189 814 52 71 504 197 908 91 565 651 843 590 782 94 390 30 289 590 130 857 61 227 453 701 94 973 674 137 268 116 380 559 808 56 460 198 797 963 871 704 867 450 247 641 413 772 388 72 920 819 847 374 846 304 514 872 100 487 939 576 412 832 386 604 543 345 8 360 471 746 580 695 327 621 422 203 240 782 90 2 750 250 52 651 45 38 553 870 858 749 971 237 796 463 733 795 296 568 919 170 256 97 560 466 713 663 766 285 994 526 357 972 130 119 631 945 874 360 197 957 817 79 901 899 746 617 271 591 235 504 494 726 903 576 443 278 221 162 33 308 889 936 925 993 641 853 646 608 946 34 821 983 514 17 669 457 133 990 129 275 613 713 570 416 763 39 18 843 464 269 208 673 557 724 293 609 13 738 194 516 735 556 45 184 712 294 917 114 586 136 581 303 97 675 816 570 328 873 418 23 912 782 851 185 679 652 787 863 475 
 Sequential CPU: Min number is 2 
  Parallel GPU: Min number is 2 
+ echo

+ echo

+ ./q1b file_450.txt 450
Number of elements: 450 
Input Array is: 503 54 64 335 74 163 346 485 904 765 225 763 710 700 325 805 732 804 282 723 475 264 353 335 103 474 341 38 563 590 514 538 654 163 706 162 928 526 33 976 738 78 101 252 877 482 643 752 872 107 821 942 313 410 716 445 313 940 429 686 164 792 515 812 385 597 812 135 268 648 816 717 446 122 530 881 548 288 232 937 381 484 919 456 995 442 826 290 626 113 844 14 447 380 493 448 583 68 492 598 162 424 124 453 123 850 453 51 594 558 704 189 670 31 351 883 513 227 623 798 144 676 202 227 662 59 54 633 368 796 133 207 155 825 146 806 979 474 44 242 124 307 495 549 988 191 322 724 701 490 81 120 597 415 444 496 442 564 254 280 157 489 333 126 276 156 893 54 942 612 890 503 836 768 737 70 854 999 736 915 104 962 563 303 27 559 673 256 98 371 179 930 47 44 835 133 518 374 729 428 652 465 416 242 510 829 674 785 2 424 991 508 589 514 322 835 783 142 823 187 749 832 439 781 904 307 700 652 747 737 888 28 130 847 249 835 213 310 656 10 71 189 814 52 71 504 197 908 91 565 651 843 590 782 94 390 30 289 590 130 857 61 227 453 701 94 973 674 137 268 116 380 559 808 56 460 198 797 963 871 704 867 450 247 641 413 772 388 72 920 819 847 374 846 304 514 872 100 487 939 576 412 832 386 604 543 345 8 360 471 746 580 695 327 621 422 203 240 782 90 2 750 250 52 651 45 38 553 870 858 749 971 237 796 463 733 795 296 568 919 170 256 97 560 466 713 663 766 285 994 526 357 972 130 119 631 945 874 360 197 957 817 79 901 899 746 617 271 591 235 504 494 726 903 576 443 278 221 162 33 308 889 936 925 993 641 853 646 608 946 34 821 983 514 17 669 457 133 990 129 275 613 713 570 416 763 39 18 843 464 269 208 673 557 724 293 609 13 738 194 516 735 556 45 184 712 294 917 114 586 136 581 303 97 675 816 570 328 873 418 23 912 782 851 185 679 652 787 863 475 
Output Array : CPU : 3 4 4 5 4 3 6 5 4 5 5 3 0 0 5 5 2 4 2 3 5 4 3 5 3 4 1 8 3 0 4 8 4 3 6 2 8 6 3 6 8 8 1 2 7 2 3 2 2 7 1 2 3 0 6 5 3 0 9 6 4 2 5 2 5 7 2 5 8 8 6 7 6 2 0 1 8 8 2 7 1 4 9 6 5 2 6 0 6 3 4 4 7 0 3 8 3 8 2 8 2 4 4 3 3 0 3 1 4 8 4 9 0 1 1 3 3 7 3 8 4 6 2 7 2 9 4 3 8 6 3 7 5 5 6 6 9 4 4 2 4 7 5 9 8 1 2 4 1 0 1 0 7 5 4 6 2 4 4 0 7 9 3 6 6 6 3 4 2 2 0 3 6 8 7 0 4 9 6 5 4 2 3 3 7 9 3 6 8 1 9 0 7 4 5 3 8 4 9 8 2 5 6 2 0 9 4 5 2 4 1 8 9 4 2 5 3 2 3 7 9 2 9 1 4 7 0 2 7 7 8 8 0 7 9 5 3 0 6 0 1 9 4 2 1 4 7 8 1 5 1 3 0 2 4 0 0 9 0 0 7 1 7 3 1 4 3 4 7 8 6 0 9 8 6 0 8 7 3 1 4 7 0 7 1 3 2 8 2 0 9 7 4 6 4 4 2 0 7 9 6 2 2 6 4 3 5 8 0 1 6 0 5 7 1 2 3 0 2 0 2 0 0 2 1 5 8 3 0 8 9 1 7 6 3 3 5 6 8 9 0 6 7 0 6 3 3 6 5 4 6 7 2 0 9 1 5 4 0 7 7 7 9 1 9 6 7 1 1 5 4 4 6 3 6 3 8 1 2 3 8 9 6 5 3 1 3 6 8 6 4 1 3 4 7 9 7 3 0 9 5 3 3 0 6 3 9 8 3 4 9 8 3 7 4 3 9 3 8 4 6 5 6 5 4 2 4 7 4 6 6 1 3 7 5 6 0 8 3 8 3 2 2 1 5 9 2 7 3 5 
Output  array: GPU : 3 4 4 5 4 3 6 5 4 5 5 3 0 0 5 5 2 4 2 3 5 4 3 5 3 4 1 8 3 0 4 8 4 3 6 2 8 6 3 6 8 8 1 2 7 2 3 2 2 7 1 2 3 0 6 5 3 0 9 6 4 2 5 2 5 7 2 5 8 8 6 7 6 2 0 1 8 8 2 7 1 4 9 6 5 2 6 0 6 3 4 4 7 0 3 8 3 8 2 8 2 4 4 3 3 0 3 1 4 8 4 9 0 1 1 3 3 7 3 8 4 6 2 7 2 9 4 3 8 6 3 7 5 5 6 6 9 4 4 2 4 7 5 9 8 1 2 4 1 0 1 0 7 5 4 6 2 4 4 0 7 9 3 6 6 6 3 4 2 2 0 3 6 8 7 0 4 9 6 5 4 2 3 3 7 9 3 6 8 1 9 0 7 4 5 3 8 4 9 8 2 5 6 2 0 9 4 5 2 4 1 8 9 4 2 5 3 2 3 7 9 2 9 1 4 7 0 2 7 7 8 8 0 7 9 5 3 0 6 0 1 9 4 2 1 4 7 8 1 5 1 3 0 2 4 0 0 9 0 0 7 1 7 3 1 4 3 4 7 8 6 0 9 8 6 0 8 7 3 1 4 7 0 7 1 3 2 8 2 0 9 7 4 6 4 4 2 0 7 9 6 2 2 6 4 3 5 8 0 1 6 0 5 7 1 2 3 0 2 0 2 0 0 2 1 5 8 3 0 8 9 1 7 6 3 3 5 6 8 9 0 6 7 0 6 3 3 6 5 4 6 7 2 0 9 1 5 4 0 7 7 7 9 1 9 6 7 1 1 5 4 4 6 3 6 3 8 1 2 3 8 9 6 5 3 1 3 6 8 6 4 1 3 4 7 9 7 3 0 9 5 3 3 0 6 3 9 8 3 4 9 8 3 7 4 3 9 3 8 4 6 5 6 5 4 2 4 7 4 6 6 1 3 7 5 6 0 8 3 8 3 2 2 1 5 9 2 7 3 5 
